# SPDX-FileCopyrightText: Copyright © 2025 Jarred C Lloyd 4o8pg2v9h@mozmail.com
#
# SPDX-License-Identifier: MPL-2.0

U238: (0.000155125, 8.3e-8)
U235: (0.00098485, 6.7e-7)
U234: (0.00282206, 8.0e-7)
Pa231: (0.0212296, 0.00013)
Th232: (4.95e-5, 2.5e-6)
Th230: (0.0091705, 1.6e-6)
Ra226: (0.433217, 0.001895)
Re187: (1.666e-5, 8.5e-8)
Lu176: (1.867e-5, 8.0e-8)
Sm147: (6.524e-6, 1.2e-8)
Rb87: (1.3972e-5, 4.5e-8)
K40: (0.00055305, 1.32e-6)
