PAAS_PEA2012:
  Lu: (0.4386, 0.082)
  Yb: (3.012, 0.5821)
  Tm: (0.451, 0.0894)
  Er: (3.075, 0.6184)
  Ho: (1.053, 0.2165)
  Dy: (5.325, 1.1156)
  Tb: (0.8914, 0.1884)
  Gd: (6.043, 1.304)
  Eu: (1.215, 0.2819)
  Sm: (6.884, 1.4121)
  Nd: (37.32, 7.0715)
  Pr: (10.15, 1.8385)
  Ce: (88.25, 15.7763)
  La: (44.56, 7.6188)
  Y: (27.31, 5.3647)
  Sc: (15.89, 2.2587)
PM_PO2014:
  U: (0.0229, 0.003435)
  Th: (0.0849, 0.012735)
  Bi: (0.003, 0.0015)
  Pb: (0.185, 0.0185)
  Tl: (0.0041, 0.001025)
  Hg: (0.006, 0.003)
  Au: (0.0017, 0.00051)
  Pt: (0.0076, 0.00152)
  Ir: (0.0035, 0.00035)
  Os: (0.0039, 0.000585)
  Re: (0.00035, 7.0e-5)
  W: (0.012, 0.0036)
  Ta: (0.043, 0.00215)
  Hf: (0.3014, 0.03014)
  Lu: (0.07083, 0.0106245)
  Yb: (0.4774, 0.04774)
  Tm: (0.07383, 0.0110745)
  Er: (0.4684, 0.04684)
  Ho: (0.1597, 0.023955)
  Dy: (0.7239, 0.07239)
  Tb: (0.1075, 0.016125)
  Gd: (0.5855, 0.029275)
  Eu: (0.1665, 0.01665)
  Sm: (0.4347, 0.04347)
  Nd: (1.341, 0.1341)
  Pr: (0.2657, 0.039855)
  Ce: (1.7529, 0.17529)
  La: (0.6832, 0.06832)
  Ba: (6.85, 1.0275)
  Cs: (0.018, 0.009)
  I: (0.007, 0.0035)
  Te: (0.009, 0.0045)
  Sb: (0.0054, 0.00216)
  Sn: (0.14, 0.042)
  In: (0.018, 0.0036)
  Cd: (0.035, 0.007)
  Ag: (0.006, 0.003)
  Pd: (0.0071, 0.00142)
  Rh: (0.0012, 0.00024)
  Ru: (0.0074, 0.00148)
  Mo: (0.047, 0.0188)
  Nb: (0.595, 0.119)
  Zr: (10.3, 1.03)
  Y: (4.13, 0.413)
  Sr: (22.0, 1.1)
  Rb: (0.605, 0.0605)
  Br: (0.075, 0.0375)
  Se: (0.076, 0.038)
  As: (0.068, 0.0204)
  Ge: (1.2, 0.24)
  Ga: (4.4, 0.22)
  Zn: (53.5, 2.675)
  Cu: (20.0, 10.0)
  Ni: (1860.0, 93.0)
  Co: (102.0, 5.1)
  Fe: (63000.0, 630.0)
  Mn: (1050.0, 105.0)
  Cr: (2520.0, 252.0)
  V: (86.0, 4.3)
  Ti: (1265.0, 126.5)
  Sc: (16.4, 1.64)
  Ca: (26100.0, 2088.0)
  K: (260.0, 39.0)
  Cl: (30.0, 12.0)
  S: (200.0, 80.0)
  P: (87.0, 13.05)
  Si: (212200.0, 2122.0)
  Al: (23800.0, 1904.0)
  Mg: (221700.0, 2217.0)
  Na: (2590.0, 129.5)
  F: (25.0, 10.0)
  O: (443300.0, 8866.0)
  N: (2.0, 1.0)
  C: (100.0, 50.0)
  B: (0.26, 0.104)
  Be: (0.062, 0.0062)
  Li: (1.6, 0.32)
  H: (120.0, 24.0)
CI_CHONDRITE_PO2014:
  U: (0.0081, 0.000567)
  Th: (0.03, 0.0021)
  Bi: (0.11, 0.0099)
  Pb: (2.62, 0.2096)
  Tl: (0.14, 0.0154)
  Hg: (0.35, 0.175)
  Au: (0.148, 0.01776)
  Pt: (0.925, 0.04625)
  Ir: (0.469, 0.02345)
  Os: (0.495, 0.02475)
  Re: (0.04, 0.002)
  W: (0.096, 0.0096)
  Ta: (0.015, 0.0015)
  Hf: (0.1065, 0.003195)
  Lu: (0.02503, 0.0007509)
  Yb: (0.1687, 0.005061)
  Tm: (0.02609, 0.0007827)
  Er: (0.1655, 0.004965)
  Ho: (0.05644, 0.0016932)
  Dy: (0.2558, 0.007674)
  Tb: (0.03797, 0.0011391)
  Gd: (0.2069, 0.006207)
  Eu: (0.05883, 0.0017649)
  Sm: (0.1536, 0.004608)
  Nd: (0.4737, 0.014211)
  Pr: (0.0939, 0.002817)
  Ce: (0.6194, 0.018582)
  La: (0.2414, 0.007242)
  Ba: (2.42, 0.121)
  Cs: (0.188, 0.01128)
  I: (0.53, 0.106)
  Te: (2.28, 0.1596)
  Sb: (0.145, 0.0203)
  Sn: (1.63, 0.2445)
  In: (0.0778, 0.00389)
  Cd: (0.674, 0.04718)
  Ag: (0.201, 0.01809)
  Pd: (0.56, 0.0224)
  Rh: (0.132, 0.0066)
  Ru: (0.69, 0.0345)
  Mo: (0.961, 0.0961)
  Nb: (0.283, 0.0283)
  Zr: (3.63, 0.1815)
  Y: (1.46, 0.073)
  Sr: (7.79, 0.5453)
  Rb: (2.32, 0.1856)
  Br: (3.26, 0.489)
  Se: (20.3, 1.421)
  As: (1.74, 0.1566)
  Ge: (32.6, 2.934)
  Ga: (9.62, 0.5772)
  Zn: (309.0, 12.36)
  Cu: (133.0, 18.62)
  Ni: (10910.0, 763.7)
  Co: (513.0, 20.52)
  Fe: (186600.0, 7464.0)
  Mn: (1916.0, 114.96)
  Cr: (2623.0, 131.15)
  V: (54.6, 3.276)
  Ti: (447.0, 31.29)
  Sc: (5.81, 0.3486)
  Ca: (9110.0, 546.6)
  K: (546.0, 49.14)
  Cl: (698.0, 104.7)
  S: (53500.0, 2675.0)
  P: (985.0, 78.8)
  Si: (107000.0, 3210.0)
  Al: (8400.0, 504.0)
  Mg: (95400.0, 3816.0)
  Na: (4962.0, 446.58)
  F: (58.2, 9.312)
  O: (459000.0, 45900.0)
  N: (2950.0, 442.5)
  C: (34800.0, 3480.0)
  B: (0.775, 0.0775)
  Be: (0.0219, 0.001533)
  Li: (1.45, 0.145)
  H: (19700.0, 1970.0)
